1 936 5
2 822 5
3 769 5
6 717 5
11 706 5
19 692 5
189 679 5



1 859 5
2 816 5
3 782 5
5 717 5
18 710 5
50 700 5
68 689 5
164 688 5
496 685 5
661 682 5
770 678 5



1 823 5
2 756 5
6 746 5
8 726 5
10 706 5
12 697 5
61 696 5
75 686 5
160 681 5
625 677 5



1 892 5
2 743 5
16 742 5
20 732 5
22 728 5
25 703 5
40 699 5
96 696 5
184 682 5
750 681 5
759 680 5
917 678 5



1 859 5
2 795 5
3 761 5
4 753 5
6 729 5
27 710 5
48 701 5
59 692 5
239 688 5
254 683 5
439 682 5
1012 679 5
2702 677 5



1 785 5
3 775 5
4 727 5
5 712 5
34 709 5
45 707 5
52 703 5
77 698 5
86 688 5
134 685 5
164 680 5
953 679 5
2640 675 5



1 884 5
2 797 5
3 756 5
10 738 5
11 737 5
12 710 5
56 682 5
497 681 5
1346 679 5



1 809 5
3 803 5
5 759 5
6 750 5
7 740 5
10 723 5
17 694 5
34 691 5
38 689 5
67 688 5
173 682 5
916 680 5



