1 1280 7
2 1179 6
4 1095 6
6 1068 6
11 1063 6
17 1062 6
19 1055 6
27 1048 6
32 1038 6
54 1010 6
145 1003 6
159 984 6
455 976 6
1646 963 6



1 1269 6
2 1176 6
3 1072 6
5 1030 6
74 1024 6
82 1017 6
155 992 6
187 991 6
414 982 6
555 979 6
745 977 6
1079 972 6
2705 969 6



1 1289 6
2 1147 7
4 1064 6
17 1031 6
43 986 6
872 980 6



1 1375 7
2 1195 7
3 1110 6
7 1055 6
11 1053 6
28 1038 6
40 1024 6
79 1007 6
150 988 6
506 986 6
719 984 6
2509 981 6



1 1279 6
2 1154 7
3 1119 6
5 1117 7
8 1104 6
9 1088 6
14 993 6
201 983 6
732 979 6
767 976 6



1 1232 7
2 1068 6
4 987 6
1037 985 6
1091 976 6
2538 967 6



1 1279 6
2 1122 6
3 1111 6
5 1087 7
6 1079 6
10 1041 7
23 1038 6
38 1030 6
115 1022 6
122 1020 6
131 1012 6
161 1001 6
566 995 6
585 991 6
599 978 6
949 971 6



1 1297 7
2 1166 7
5 1102 6
7 1052 6
101 1030 6
108 1003 6
534 1001 6
702 986 6
1521 985 6
1832 979 6



