1 1029 6
2 903 6
3 866 6
4 850 5
7 849 6
9 840 6
12 828 5
13 801 5
36 795 5
73 769 5
2703 768 5



1 925 6
2 900 5
3 823 5
8 803 5
25 768 5
2078 760 5



1 1020 6
2 901 6
3 893 6
4 836 6
5 827 5
8 797 5
17 796 5
139 795 5
143 780 5
211 778 5
256 776 5
293 775 5
1702 760 5



1 999 6
2 895 6
3 874 6
4 826 6
15 814 6
27 812 5
61 806 5
70 784 5
141 775 5
648 770 5
879 765 5



1 1077 6
2 897 5
3 842 6
7 826 6
10 805 5
75 796 5
118 792 5
349 788 5
402 784 5
992 769 5
1908 761 5



1 1065 6
2 905 5
3 868 5
6 839 5
10 787 5
75 786 5
153 779 6
193 770 5
1085 769 5
1257 758 5



1 1027 6
2 879 5
4 872 6
5 864 5
8 859 6
9 805 5
22 796 5
51 791 5
408 781 5
909 775 5
1075 754 5



1 1066 6
2 896 5
3 888 5
4 856 5
8 818 5
44 813 6
53 792 5
230 788 5
351 785 5
566 784 5
948 777 5
1119 772 5
1367 769 5



