1 1078 5
2 988 5
3 917 5
7 901 5
17 900 5
23 888 5
24 880 5
44 868 5
181 856 5
195 837 5



1 1064 5
2 1009 5
3 934 5
5 922 5
10 906 5
12 889 5
14 882 5
29 877 5
84 874 5
111 871 5
133 862 5
330 861 5
1200 855 5
1359 854 5
1865 844 5



1 1009 5
2 958 5
3 951 5
5 929 5
6 910 5
13 885 5
19 882 5
57 874 5
79 865 5
199 858 5
2215 848 5



1 1094 5
2 996 5
3 952 5
6 937 5
8 892 5
47 888 5
75 876 5
78 869 5
136 861 5
364 855 5
374 848 5



1 1009 5
2 950 5
3 912 5
7 875 5
24 870 5
567 869 5
619 863 5
808 861 5
943 853 5
1900 851 5



1 1092 5
2 992 5
3 962 5
5 954 5
7 927 5
8 919 5
9 881 5
17 879 5
93 876 5
269 857 5
1781 845 5
2635 844 5



1 1062 5
2 967 5
3 958 5
4 932 5
5 929 5
7 906 5
24 901 5
25 855 5



1 1061 5
2 938 5
4 913 5
5 910 5
12 908 5
17 891 5
18 889 5
24 873 5
106 864 5
131 861 5
464 852 5
793 839 5
879 837 5



