1 1189 6
2 1060 5
3 968 5
4 935 5
5 917 5
6 896 5
97 887 5
189 884 5
297 873 5
2944 867 5



1 1104 6
2 1022 5
5 1009 5
6 952 5
12 887 5
96 886 5
219 884 5
227 876 5
768 874 5
1050 868 5
1602 851 5



1 1201 5
2 1080 6
3 1000 5
4 985 5
7 967 5
8 951 5
11 926 5
24 909 5
30 903 5
43 891 5
139 883 5
253 870 5
978 864 5
1236 863 5
1886 849 5



1 1168 5
2 1070 5
3 1010 5
4 956 5
11 950 5
13 939 5
15 933 5
29 911 5
51 901 5
124 897 5
141 874 5
242 873 5
747 872 5
927 869 5



1 1202 5
2 1073 5
3 959 6
7 948 5
11 927 5
13 892 5
85 887 5
228 860 5
1170 858 5



1 1186 5
2 954 5
6 939 5
9 902 5
116 897 5
187 894 5
217 872 5
363 871 5



1 1123 5
2 966 5
6 940 5
11 934 5
14 924 5
26 915 5
37 906 5
38 885 5
421 855 5



1 1182 6
2 1010 5
3 961 5
6 947 6
9 943 5
14 930 5
25 923 5
32 916 5
34 908 5
46 900 5
59 887 5
123 880 5
198 879 5
1020 875 5



