1 1044 5
2 965 5
3 948 5
4 945 5
6 943 5
10 928 5
14 885 5
22 870 5
33 824 5
1503 809 5



1 1064 5
2 1014 5
3 951 5
4 950 5
5 923 5
15 876 5
21 875 5
39 850 5
117 841 5
197 837 5
214 832 5
507 826 5
890 825 5
969 824 5
989 821 5
1010 814 5
1852 813 5



1 992 5
2 959 5
3 936 5
4 878 5
33 871 5
73 850 5
109 833 5
309 808 5



1 1051 5
2 1003 5
3 994 5
4 982 5
5 940 5
7 937 5
11 866 5
64 837 5
141 834 5
220 829 5
414 825 5
550 820 5
583 812 5
868 809 5



1 1107 5
2 899 5
4 866 5
85 847 5
105 838 5
324 833 5
361 830 5
563 822 5
822 814 5
1929 813 5
2119 804 5



1 1121 5
2 944 5
4 935 5
9 906 5
14 826 5
193 812 5
1001 809 5



1 1062 5
2 999 5
3 932 5
4 929 5
5 845 5
24 833 5
161 832 5
401 808 5



1 1068 5
2 923 5
3 865 5
73 851 5
113 839 5
207 826 5
404 825 5
497 817 5
787 806 5



