1 1026 6
2 893 5
4 891 5
6 871 5
10 845 5
39 796 5
860 789 5



1 967 5
2 926 5
3 892 6
7 873 5
9 822 5
216 815 5
390 813 5
600 811 5
787 806 5
2928 805 5



1 920 5
3 857 5
10 855 5
19 847 5
30 833 5
47 824 5
188 816 5
289 800 5
708 799 5
1163 798 5
1251 793 5
1428 788 5
2296 787 5



1 976 6
2 876 5
3 871 5
6 836 5
10 834 5
28 831 5
38 814 5
138 804 5
541 802 5
569 793 5
2505 791 5



1 1018 5
2 923 5
4 904 5
7 869 5
10 865 5
14 862 5
15 857 5
21 854 5
29 841 5
74 820 5
79 819 5
176 818 5
262 814 5
658 801 5
826 794 5



1 976 5
2 875 5
6 864 5
13 840 5
20 828 5
27 807 5
250 802 5
354 797 5
769 793 5
1307 791 5
2697 790 5



1 1040 5
2 920 5
3 865 5
10 856 5
24 841 5
28 830 5
29 825 5
81 812 5
118 807 5
350 806 5
392 805 5
1004 797 5
1079 796 5
1395 793 5



1 990 5
2 892 5
3 874 5
6 871 5
13 859 5
18 850 5
37 842 5
49 834 5
69 825 5
75 814 5
104 807 5
354 802 5
862 795 5
2374 791 5



