1 1005 5
2 888 5
3 842 5
4 815 5
6 806 5
10 778 5
21 777 5
29 772 5
39 751 5
46 747 5
78 746 5
208 736 5
417 735 5
1285 731 5
1376 730 5
1838 727 5
2080 726 5
2257 725 5



1 923 5
2 841 5
3 828 5
6 822 5
7 804 5
8 773 5
77 769 5
97 767 5
108 740 5
525 731 5
652 722 5
759 705 5



1 1019 5
2 888 5
3 809 5
8 796 5
12 783 5
18 771 5
25 768 5
97 757 5
132 755 5
188 754 5
276 749 5
280 748 5
451 738 5
998 735 5
1325 732 5
1511 728 5



1 1046 5
2 881 5
3 823 5
4 795 5
10 794 5
19 786 5
20 769 5
24 761 5
34 752 5
59 747 5
72 744 5
101 743 5
115 722 5
1989 720 5



1 1058 5
2 875 5
3 871 5
4 826 5
5 811 5
6 779 5
10 776 5
12 763 5
22 738 5
45 734 5
2547 727 5



1 1041 5
2 843 5
3 821 5
6 811 5
7 807 5
8 782 5
15 773 5
18 745 5
99 730 5
471 724 5
1129 717 5



1 1005 5
2 799 5
9 782 5
21 778 5
35 772 5
39 766 5
42 748 5
60 745 5
80 744 5
189 735 5
350 732 5
1845 716 5



1 1032 5
2 876 5
3 853 5
4 817 5
6 810 5
7 802 5
12 792 5
14 790 5
15 778 5
20 768 5
25 767 5
36 763 5
37 758 5
67 757 5
85 749 5
117 737 5
290 736 5
892 726 5
1640 725 5



