1 1098 6
2 968 6
6 955 6
7 900 6
37 879 6
844 871 6
1798 870 6
2335 869 6
2469 859 6



1 1195 6
2 981 6
3 978 6
10 975 6
12 970 6
16 965 6
17 939 6
19 926 6
32 906 6
44 889 6
180 882 6
588 880 6
897 878 6
928 870 6



1 1179 6
2 1070 6
3 1008 6
4 1000 6
5 964 6
6 946 6
8 943 6
18 936 6
27 909 6
33 908 6
77 868 6



1 1178 6
2 1008 6
3 935 6
29 927 6
30 902 6
54 901 6
195 900 6
301 898 6
416 894 6
439 891 6
502 881 6
650 877 6
658 871 6
2018 868 6



1 1127 6
2 1003 7
3 995 6
5 987 6
7 942 6
23 927 6
26 914 6
68 897 6
322 870 6



1 1177 6
2 1062 7
3 1019 7
4 976 6
5 949 6
9 944 6
14 909 6
42 902 6
160 898 6
259 896 6
478 893 6
525 884 6
2769 861 6



1 1190 6
2 1000 6
3 987 6
5 936 6
12 882 6
1013 866 6



1 1166 6
2 1005 6
3 981 6
4 980 6
8 966 6
9 948 6
18 938 6
43 902 6
65 901 6
223 899 6
265 879 6
845 877 6
1382 870 6
2256 854 6



