1 1318 6
2 1202 7
3 1116 6
4 1076 6
6 1059 6
7 1055 6
9 1043 6
10 1012 6
35 997 6
42 983 6
226 975 6
2620 972 6



1 1351 6
2 1116 6
3 1077 6
5 1019 6
28 1002 6
124 968 6



1 1292 6
2 1073 6
3 1058 6
14 986 6
511 959 6



1 1285 6
2 1140 7
3 1095 6
7 1063 6
11 1041 6
15 1039 6
17 1019 6
18 1005 6
40 990 6
267 984 6
453 970 6



1 1343 6
2 1158 6
3 1040 6
21 1032 6
45 1017 6
61 1008 6
75 1006 6
140 994 6
174 992 6
200 990 6
304 984 6
400 968 6
1574 965 6



1 1387 6
2 1181 6
3 1088 6
6 1053 6
17 1030 6
19 1024 6
36 1009 6
68 1003 6
105 999 6
213 964 6



1 1239 6
2 1115 6
3 1099 6
5 1074 6
6 1063 6
8 1045 6
12 1007 6
37 1001 6
185 995 6
282 991 6
484 978 6
1368 971 6



1 1334 7
2 1105 6
5 1048 6
8 1016 6
19 989 6
105 988 6
120 987 6
194 968 6
2729 957 6



