1 1251 7
2 1162 7
4 1149 7
5 1144 7
6 1141 7
8 1065 7
41 1049 7
69 1017 7
189 1016 7
430 1007 7



1 1284 7
2 1191 7
3 1169 7
5 1127 7
6 1075 7
15 1058 7
34 1039 7
216 1038 7
416 1024 7
474 1020 7
1647 1011 7
2609 1007 7



1 1364 7
2 1217 7
3 1178 7
4 1158 7
5 1105 7
15 1101 7
24 1091 7
35 1085 7
38 1041 7
254 1037 7
273 1026 7
274 1024 7
284 1013 7
524 998 7



1 1416 7
2 1151 7
3 1124 7
5 1102 7
10 1085 7
20 1060 7
84 1049 7
136 1035 7
151 1034 7
275 1012 7
559 1006 7



1 1388 7
2 1120 7
3 1082 7
27 1066 7
30 1048 7
62 1045 7
96 1030 7
169 1017 7
172 977 7



1 1377 7
2 1207 7
3 1141 7
4 1135 7
9 1117 7
11 1096 7
15 1073 7
39 1066 7
40 1059 7
97 1039 7
268 1025 7
468 1019 7
1219 1008 7
1717 990 7



1 1384 7
2 1214 7
3 1170 7
7 1123 7
11 1099 7
17 1084 7
25 1079 7
39 1068 7
43 1061 7
96 1049 7
119 1038 7
265 1028 7
343 1026 7
827 1024 7
1353 1015 7
2983 1008 7



1 1344 7
2 1121 7
4 1118 7
6 1104 7
9 1094 7
18 1071 7
21 1049 7
48 1037 7
54 1035 7
108 1030 7
152 1029 7
550 1010 7
1617 1005 7
2215 1003 7



