1 1499 7
2 1351 7
3 1258 7
5 1250 7
11 1240 7
13 1229 7
28 1214 7
30 1210 7
33 1196 7
65 1194 7
118 1167 7
733 1139 7



1 1546 7
2 1325 7
3 1276 7
5 1273 7
7 1267 7
11 1210 7
114 1207 7
246 1193 7
348 1189 7
420 1173 7
1104 1167 7
1127 1166 7



1 1484 7
2 1382 7
3 1333 7
4 1309 7
5 1300 7
6 1249 7
9 1247 7
16 1235 7
23 1228 7
24 1218 7
29 1204 7
197 1179 7
1441 1174 7
2091 1166 7



1 1473 7
2 1355 7
3 1281 7
6 1275 7
7 1228 7
12 1219 7
14 1215 7
24 1208 7
60 1202 7
98 1201 7
159 1182 7
569 1167 7
2852 1153 7



1 1453 7
2 1378 7
3 1226 7
16 1214 7
92 1210 7
132 1205 7
140 1194 7
234 1176 7
405 1172 7
1115 1169 7
1271 1154 7



1 1514 7
2 1374 7
3 1302 7
5 1256 7
15 1249 7
18 1240 7
25 1219 7
32 1212 7
86 1206 7
187 1202 7
491 1181 7
857 1180 7
1161 1141 7



1 1534 7
2 1311 7
5 1308 7
6 1279 7
7 1254 7
16 1248 7
20 1237 7
21 1224 7
31 1184 7
386 1179 7
1582 1171 7
2051 1167 7
2846 1149 7



1 1547 7
2 1319 7
3 1307 7
5 1299 7
6 1293 7
7 1287 7
9 1250 7
18 1246 7
23 1216 7
95 1212 7
168 1203 7
179 1197 7
247 1184 7
483 1180 7
1069 1173 7
1646 1168 7



