1 1456 7
3 1382 7
5 1330 7
9 1305 7
34 1303 7
112 1300 7
151 1263 7
239 1258 7
263 1255 7
450 1250 7
526 1237 7
2484 1235 7
2683 1234 7
2879 1229 7



1 1622 7
2 1440 7
3 1406 7
4 1388 7
5 1323 7
6 1310 7
8 1307 7
49 1288 7
95 1281 7
122 1273 7
143 1266 7
815 1262 7
1006 1252 7
2693 1243 7



1 1559 7
2 1455 7
3 1389 7
4 1325 7
17 1318 7
21 1298 7
37 1291 7
129 1287 7
153 1269 7
413 1230 7



1 1515 7
2 1406 7
3 1388 7
4 1368 7
10 1332 7
22 1323 7
23 1317 7
28 1308 7
38 1295 7
59 1272 7
99 1268 7
385 1264 7
851 1245 7
2775 1232 7



1 1499 7
2 1422 7
3 1404 7
5 1373 7
9 1337 7
12 1314 7
13 1311 7
25 1302 7
29 1292 7
52 1280 7
92 1263 7
95 1232 7



1 1513 7
2 1384 7
4 1347 7
6 1317 7
27 1276 7
30 1269 7
174 1267 7
208 1260 7
947 1258 7
1625 1255 7
1855 1246 7



1 1546 7
2 1406 7
3 1365 7
8 1343 7
12 1338 7
13 1319 7
17 1302 7
27 1273 7
126 1271 7
187 1250 7
833 1213 7



1 1552 7
2 1349 7
6 1345 7
7 1311 7
14 1293 7
39 1290 7
106 1278 7
113 1277 7
151 1276 7
166 1265 7
178 1261 7
436 1250 7
2920 1249 7



