1 1200 7
2 1126 7
6 1096 7
8 1095 7
13 1094 7
14 1084 7
16 1070 7
19 1048 7
35 1035 7
71 982 7



1 1304 7
2 1120 7
5 1119 7
6 1097 7
9 1060 7
24 1050 7
32 1046 7
57 1044 7
70 1042 7
72 1041 7
99 1036 7
175 1034 7
202 1032 7
213 1026 7
349 1017 7
655 1001 7



1 1278 7
2 1106 7
3 1101 7
5 1096 7
6 1077 7
7 1070 7
22 1051 7
28 1050 7
39 1025 7
91 1022 7
187 1011 7
325 1006 7
728 999 7



1 1301 7
2 1198 7
3 1092 7
4 1058 7
14 1045 7
37 1033 7
130 1022 7
630 1020 7
807 1014 7
977 999 7



1 1304 7
2 1183 7
3 1150 7
4 1068 7
8 1065 7
15 1053 7
26 1038 7
51 1034 7
115 1020 7
224 1019 7
252 1014 7
648 1013 7
810 1010 7
1915 997 7



1 1385 7
2 1204 7
3 1126 7
5 1095 7
7 1076 7
9 1072 7
10 1069 7
12 1057 7
18 1047 7
20 1037 7
44 1028 7
91 1021 7
342 1017 7
904 995 7



1 1283 7
2 1152 7
3 1101 7
4 1079 7
10 1068 7
17 1061 7
27 1039 7
71 1029 7
125 1022 7
139 1009 7



1 1256 7
2 1165 7
3 1099 7
5 1079 7
13 1073 7
14 1037 7
68 1021 7
471 984 7



