1 1507 8
2 1360 7
3 1335 7
4 1276 8
5 1262 7
7 1178 7
20 1163 7
79 1159 7
261 1157 7
301 1156 7
314 1153 7
352 1101 7
2112 1066 7



1 1543 7
2 1341 8
3 1276 7
8 1168 7
44 1162 7
168 1160 7
242 1157 7
390 1150 7
654 1144 7
757 1142 7
911 1121 7



1 1606 8
2 1286 7
4 1220 7
11 1181 7
29 1179 7
56 1132 7
1118 1131 7
1188 1121 7
1360 1108 7
1756 1074 7



1 1543 8
2 1316 8
3 1294 7
6 1176 7
78 1162 8
93 1142 8
516 1128 7
818 1109 7
968 1103 7



1 1547 8
2 1308 8
4 1238 7
7 1188 7
37 1168 8
149 1158 7
295 1138 7
315 1137 7
650 1114 7
748 1091 7



1 1475 7
2 1297 8
4 1239 7
11 1238 7
15 1234 7
19 1171 8
63 1166 7
154 1095 7
1957 1081 7



1 1520 8
2 1389 8
3 1284 7
5 1241 7
6 1236 8
11 1224 7
13 1195 8
28 1188 7
34 1170 7
62 1160 7
77 1132 7
173 1122 7
743 1121 7
833 1117 7



1 1568 8
2 1376 8
3 1274 7
4 1266 7
8 1227 7
9 1211 7
15 1202 7
21 1181 7
84 1163 8
114 1154 7
227 1146 7
436 1139 7
456 1119 7
920 1102 7



