1 1585 9
2 1274 9
8 1231 9
20 1179 9
25 1177 9
178 1159 9
832 1144 9



1 1577 10
2 1384 10
3 1318 9
5 1280 9
7 1271 9
10 1221 9
32 1194 9
116 1186 9
151 1181 9
222 1178 9
371 1176 9
654 1143 9
1149 1137 9



1 1582 10
2 1355 10
4 1310 10
6 1253 9
9 1230 9
11 1215 9
14 1165 9
106 1161 9
727 1152 9



1 1523 9
2 1399 10
3 1347 10
4 1289 10
9 1258 9
10 1256 9
12 1243 9
14 1228 9
24 1225 9
30 1197 9
39 1180 9
65 1151 9
2688 1140 9
2781 1135 9



1 1573 10
2 1339 9
3 1269 9
5 1258 9
6 1250 9
7 1239 9
8 1237 9
13 1225 9
14 1198 9
27 1187 9
30 1166 9
473 1163 9
1670 1160 9
2081 1155 9



1 1490 9
2 1399 10
3 1286 9
6 1265 9
14 1257 9
17 1187 9
169 1179 9
177 1154 9



1 1483 10
2 1407 10
3 1258 9
9 1257 9
11 1247 9
15 1230 9
27 1215 9
58 1195 9
65 1190 9
99 1187 9
178 1162 9
737 1148 9



1 1585 11
2 1349 9
3 1192 9
57 1171 9
319 1161 9
2137 1159 9
2687 1157 9
2725 1152 9



