1 1694 8
2 1440 7
3 1423 7
5 1384 7
7 1378 7
15 1316 7
43 1308 7
44 1263 7
187 1215 7



1 1583 7
2 1438 7
3 1424 7
4 1355 7
6 1328 7
20 1311 7
70 1295 7
89 1287 7
308 1277 7
376 1253 7
392 1246 7



1 1697 8
2 1467 7
3 1465 8
4 1447 7
5 1410 7
6 1376 7
12 1347 7
26 1328 7
32 1325 7
66 1320 7
93 1315 7
112 1302 7
164 1294 7
247 1290 7
279 1232 7



1 1645 7
2 1453 7
3 1383 7
6 1356 7
16 1353 7
27 1344 7
35 1338 7
44 1301 7
48 1279 7
142 1267 7
493 1252 7
802 1217 7



1 1580 7
2 1453 7
3 1392 7
4 1333 7
14 1317 7
21 1316 7
68 1310 7
97 1303 7
146 1300 7
158 1272 7
284 1268 7
575 1265 7
616 1254 7



1 1613 7
2 1456 7
3 1439 7
6 1381 7
9 1374 7
10 1324 7
22 1281 7
162 1279 7
195 1274 7
241 1256 7
2073 1245 7



1 1677 8
2 1483 7
3 1446 7
4 1425 7
6 1363 7
12 1355 7
14 1347 7
26 1336 7
46 1330 7
49 1316 7
51 1290 7
105 1276 7
327 1258 7
674 1244 7



1 1688 8
2 1487 7
3 1436 7
4 1396 8
5 1394 7
6 1364 7
10 1330 7
33 1321 7
51 1319 7
57 1298 7
141 1291 7
190 1230 7



