1 1898 10
2 1528 10
4 1504 10
5 1491 10
7 1426 10
16 1407 10
37 1363 10
156 1357 10
260 1315 9
1056 1314 9
2566 1308 9



1 1859 10
2 1611 10
3 1512 10
5 1487 10
6 1482 9
7 1465 10
9 1451 10
10 1393 10
45 1379 10
164 1335 9
695 1313 10
2626 1308 10



1 1800 10
2 1564 10
3 1495 10
4 1473 10
8 1447 10
12 1411 10
21 1389 10
37 1381 9
53 1375 10
93 1364 9
281 1341 10
1123 1334 10



1 1746 10
2 1595 10
3 1524 10
5 1521 10
6 1392 10
28 1341 9
1037 1339 9
1135 1337 9



1 1849 10
2 1549 10
3 1533 10
5 1502 10
7 1499 10
8 1473 10
10 1462 10
22 1443 10
29 1441 10
39 1424 9
45 1405 10
50 1403 10
60 1386 10
120 1353 10
166 1296 9



1 1864 10
2 1486 9
7 1455 9
13 1431 10
14 1415 10
23 1405 10
27 1402 10
35 1375 10
67 1368 9
215 1357 10
437 1336 10
947 1310 9



1 1840 10
2 1591 10
3 1546 10
4 1476 10
9 1453 10
14 1434 10
20 1429 10
21 1425 10
32 1413 10
33 1409 9
68 1379 10
139 1365 10
432 1335 9



1 1858 10
2 1587 10
3 1528 10
4 1492 10
5 1480 10
7 1461 10
9 1447 10
15 1432 10
22 1391 10
67 1380 10
105 1375 9
151 1374 9
201 1341 10
720 1310 9



