1 1767 11
2 1642 10
3 1522 10
4 1505 11
23 1488 10
30 1478 10
46 1465 10
61 1448 10
167 1439 10
460 1400 10
2087 1388 10



1 1818 11
2 1631 11
3 1534 10
7 1526 10
9 1508 10
35 1444 10
359 1410 10
1885 1406 10



1 1799 10
2 1626 11
3 1580 10
4 1514 10
9 1513 10
10 1497 10
25 1494 10
27 1433 10
158 1410 10
2114 1408 10
2543 1380 10



1 1901 11
2 1563 10
5 1552 10
7 1476 10
29 1468 10
71 1447 10
280 1438 10
299 1431 10
857 1396 10
2871 1387 10



1 1833 10
2 1628 11
3 1577 10
5 1555 10
6 1475 10
23 1463 10
56 1450 10
161 1434 10
528 1431 10
768 1419 10
1930 1405 10



1 1830 10
2 1508 10
8 1502 10
18 1483 10
43 1478 10
44 1459 10
102 1457 10
135 1454 10
325 1443 10
460 1404 10



1 1838 10
2 1636 11
3 1495 10
35 1485 10
54 1473 10
101 1470 10
104 1452 10
270 1441 10
292 1440 10
337 1417 10
1097 1412 10
1469 1405 10



1 1880 11
2 1554 10
3 1488 10
11 1439 10
96 1433 10
97 1429 10
129 1428 10
220 1407 10
396 1390 10



