1 1852 10
2 1588 10
3 1527 10
4 1500 10
5 1447 9
8 1412 9
13 1382 9
15 1370 9
16 1361 9
19 1332 9
20 1305 9
61 1295 9
973 1294 9
1035 1290 9
1310 1287 9



1 1757 10
2 1511 10
4 1443 9
6 1421 10
7 1394 10
10 1364 9
20 1361 9
21 1332 9
43 1319 9
125 1308 9
297 1305 9
389 1285 9
441 1264 9



1 1820 9
2 1403 9
9 1350 9
56 1336 9
67 1329 9
105 1308 9
297 1290 9
411 1248 9



1 1761 9
2 1500 10
4 1473 9
5 1386 9
15 1364 9
16 1349 9
72 1342 9
84 1337 9
133 1332 9
183 1317 9
236 1303 9
259 1272 9
941 1238 9



1 1788 10
2 1538 9
3 1499 10
4 1412 9
6 1378 9
18 1364 9
22 1344 9
24 1338 9
66 1317 9
114 1315 9
173 1312 9
321 1302 9
772 1296 9
844 1291 9
945 1282 9
1985 1260 9



1 1838 9
2 1514 10
3 1380 9
8 1366 9
17 1333 9
38 1332 9
45 1328 9
99 1322 9
122 1310 9
131 1293 9
213 1287 9
448 1279 9
1783 1277 9
2082 1245 9



1 1794 9
2 1498 10
3 1475 10
4 1451 10
6 1404 10
11 1393 9
17 1363 9
20 1343 9
27 1333 9
101 1329 9
121 1316 9
135 1309 9
136 1288 9
753 1272 9



1 1860 10
2 1512 9
3 1463 9
4 1428 10
7 1396 10
9 1390 9
12 1365 9
13 1357 9
18 1351 9
34 1348 9
36 1321 9
39 1312 9
95 1288 9
1732 1273 9
1822 1270 9



