1 1817 8
2 1571 8
3 1524 8
5 1449 8
20 1440 8
74 1427 8
200 1426 8
310 1423 8
412 1389 8
748 1384 8
1019 1353 8



1 1920 8
2 1598 8
3 1549 8
6 1505 8
14 1435 8
34 1434 8
125 1423 8
152 1396 8
1265 1392 8
2162 1386 8



1 1822 8
2 1554 8
3 1546 8
5 1533 8
6 1532 8
7 1531 8
8 1484 8
20 1476 8
21 1432 8
62 1390 8
798 1379 8



1 1891 8
2 1530 8
6 1462 8
15 1439 8
52 1433 8
131 1402 8
755 1392 8



1 1853 8
2 1552 8
3 1501 8
7 1469 8
15 1462 8
28 1414 8
132 1406 8
227 1385 8



1 1837 8
2 1617 8
3 1508 8
5 1460 8
12 1443 8
47 1433 8
75 1421 8
312 1406 8
582 1398 8
1735 1397 8
2537 1395 8



1 1751 8
2 1621 8
3 1546 8
6 1530 8
8 1499 8
12 1480 8
20 1478 8
21 1432 8
52 1429 8
84 1423 8
125 1410 8
288 1409 8
595 1404 8
848 1397 8
1174 1393 8
2478 1389 8
2587 1382 8



1 1856 8
2 1637 8
3 1564 8
4 1513 8
5 1495 8
6 1474 8
12 1473 8
19 1421 8
75 1415 8
243 1411 8
457 1393 8
2208 1378 8



