1 1773 9
2 1592 9
3 1579 9
4 1557 9
6 1494 9
34 1492 9
70 1486 9
75 1456 9
411 1448 9
1614 1445 9
2014 1442 9
2663 1424 9



1 1820 9
2 1647 9
4 1613 9
5 1567 9
6 1554 9
10 1547 9
11 1516 9
20 1507 9
21 1474 9
76 1471 9
113 1455 9
338 1453 9
833 1447 9
1027 1441 9
1410 1427 9
1902 1423 9



1 1841 9
2 1628 9
4 1611 9
5 1487 9
22 1481 9
41 1471 9
69 1468 9
102 1447 9
563 1436 9
2387 1432 9



1 1801 10
2 1634 9
3 1610 9
5 1586 9
6 1572 9
7 1558 9
11 1528 9
15 1500 9
20 1489 9
33 1487 9
40 1453 9
288 1449 9
417 1431 9



1 1801 9
2 1557 9
6 1550 9
7 1503 9
10 1487 9
17 1475 9
47 1464 9
86 1436 9
1525 1428 9



1 1897 9
2 1582 9
4 1572 9
6 1568 9
9 1556 9
11 1535 9
20 1534 9
21 1490 9
37 1469 9
298 1455 9
478 1453 9
701 1437 9
810 1434 9



1 1875 9
2 1653 9
3 1576 9
6 1545 9
13 1519 9
18 1517 9
20 1510 9
23 1509 9
27 1506 9
37 1500 9
53 1497 9
67 1479 9
137 1470 9
138 1465 9
273 1463 9
318 1444 9
596 1440 9
1092 1438 9
1612 1422 9



1 1842 10
2 1643 9
3 1607 9
4 1551 9
6 1474 9
45 1473 9
71 1470 9
88 1452 9
388 1444 9
467 1429 9



