1 2172 10
2 2045 10
3 1989 10
4 1912 10
5 1903 9
7 1886 10
16 1858 9
55 1849 9
62 1801 9
64 1784 9
290 1773 9
460 1739 9
915 1736 9



1 2085 10
2 2010 10
3 1985 10
4 1930 10
9 1929 10
10 1926 10
12 1825 9
25 1816 9
30 1811 9
41 1790 9
42 1771 9
58 1767 9
393 1755 9
1326 1732 9
1547 1728 9



1 2270 10
2 2010 9
3 1951 10
5 1902 10
6 1881 9
8 1879 10
17 1806 9
38 1732 9
1576 1727 9



1 2287 10
2 1958 9
3 1920 10
12 1883 10
18 1812 10
23 1789 9
121 1788 9
155 1782 9
193 1763 9
1135 1735 9



1 2255 10
2 2009 10
3 1946 10
6 1929 10
9 1882 10
13 1823 10
114 1819 10
161 1789 9
222 1781 9
830 1746 9
1027 1745 9
1594 1731 9
1705 1725 9



1 2327 10
2 1966 10
4 1901 10
7 1897 10
9 1878 10
14 1768 9
129 1767 9
288 1761 9
1272 1752 9
1331 1749 9
2286 1748 9



1 2194 10
2 2037 10
3 1961 10
4 1921 10
5 1890 10
9 1804 9
81 1775 9
136 1771 9
820 1751 9
1087 1745 9
2764 1711 9



1 2261 10
2 1976 10
3 1965 10
6 1948 10
7 1926 10
8 1895 10
9 1875 10
13 1803 9
32 1788 9
231 1778 9
281 1756 9
339 1732 9
609 1722 9



