1 2020 10
2 1730 9
3 1711 9
4 1668 9
6 1660 9
8 1640 9
9 1598 9
12 1593 9
32 1592 9
35 1574 9
38 1535 9
218 1533 9
697 1529 9
1078 1506 9
2873 1492 9



1 1944 9
2 1664 9
4 1642 9
5 1633 9
12 1598 9
27 1593 9
35 1557 9
84 1549 9
116 1523 9
231 1521 9
1156 1512 9
2487 1497 9



1 2004 9
2 1788 9
3 1679 10
4 1642 9
7 1630 9
8 1590 9
11 1573 9
27 1567 9
145 1556 9
249 1552 9
303 1542 9
620 1530 9
1443 1520 9
2066 1500 9



1 2039 10
2 1680 9
4 1663 9
7 1658 9
11 1586 9
18 1569 9
35 1552 9
165 1507 9
494 1488 9



1 1934 9
2 1758 9
3 1722 10
5 1606 9
11 1535 9
53 1513 9



1 2069 9
2 1739 9
3 1712 9
5 1694 9
6 1633 9
8 1629 9
10 1609 9
24 1537 9
180 1536 9
553 1535 9
1565 1532 9
1676 1511 9



1 1932 9
2 1761 10
3 1659 9
6 1648 9
10 1537 9
41 1536 9
216 1534 9
401 1525 9
739 1511 9
1436 1495 9



1 2056 9
2 1795 9
3 1754 9
4 1689 9
7 1684 10
8 1624 9
10 1613 9
15 1610 9
21 1594 9
27 1591 9
51 1588 9
75 1580 9
79 1575 9
83 1547 9
232 1542 9
472 1534 9
827 1519 9
1929 1506 9



