1 1618 10
2 1305 9
4 1256 10
9 1226 10
27 1218 10
70 1185 10
1835 1183 10
2923 1181 10



1 1577 10
2 1312 10
3 1304 10
5 1282 10
6 1275 10
9 1267 10
18 1255 10
27 1245 10
29 1227 10
49 1202 10
247 1191 10
558 1166 10
1562 1163 10



1 1578 10
2 1345 10
3 1318 10
4 1305 10
6 1286 10
8 1281 10
13 1276 10
14 1259 10
19 1234 10
27 1212 10
213 1189 10
233 1188 10
944 1186 10
1327 1166 10



1 1586 10
2 1348 11
3 1343 10
4 1309 10
6 1295 10
7 1292 10
10 1291 10
15 1210 10
63 1207 10
103 1183 9
1765 1164 9



1 1611 10
2 1317 10
3 1309 10
4 1293 10
8 1287 10
9 1260 10
14 1247 10
21 1211 10
105 1209 10
256 1168 10
806 1160 10



1 1548 10
2 1344 10
4 1311 11
5 1300 10
6 1255 10
10 1254 10
24 1252 10
29 1236 10
31 1233 10
50 1224 10
60 1223 10
61 1195 10
860 1128 9



1 1592 11
2 1374 10
3 1321 10
4 1309 11
6 1271 10
7 1243 10
12 1241 10
21 1231 10
33 1222 10
79 1216 10
96 1200 10
118 1177 10
1924 1175 10



1 1599 10
2 1335 10
3 1328 10
4 1317 10
6 1286 10
7 1280 9
8 1275 10
9 1264 10
16 1251 10
28 1234 10
33 1229 10
34 1220 10
39 1216 10
49 1205 10
145 1187 10
282 1174 10
1592 1158 10



