1 2521 10
2 2299 10
3 2179 10
4 2155 10
6 2066 10
16 2048 10
31 2013 10
113 2008 10
245 1989 10
278 1955 10



1 2604 11
2 2212 10
4 2168 10
7 2120 10
8 2080 10
9 2078 10
12 2061 10
33 2049 10
63 2032 10
95 2003 10
96 1995 10
115 1969 10
2386 1931 10



1 2699 11
2 2230 10
3 2219 10
4 2161 10
5 2132 10
8 2119 10
9 2078 10
11 2071 10
21 2063 10
25 2032 10
29 1985 10
451 1970 10
1165 1946 10



1 2593 11
2 2192 10
3 2182 10
4 2159 10
6 2115 10
7 2109 10
9 2072 10
14 2060 10
32 2048 10
44 2047 10
78 2039 10
82 1994 10
135 1987 10
916 1958 10



1 2673 11
2 2229 10
3 2155 10
5 2144 10
6 2122 10
8 2081 10
13 2052 10
18 2047 10
40 2036 10
48 2019 10
70 1998 10
333 1976 10
2104 1964 10



1 2577 10
2 2254 10
3 2190 10
4 2139 10
5 2119 10
8 2110 10
9 2103 10
10 2078 10
12 2065 10
21 2042 10
22 2030 10
47 2025 10
49 2017 10
124 2016 10
240 2010 10
347 1982 10
735 1971 10
2355 1951 10



1 2634 10
2 2240 10
3 2193 10
5 2107 10
14 2067 10
17 2051 10
40 2049 10
46 2036 10
50 2034 11
59 2022 10
101 2020 10
117 2014 10
325 2010 10
334 1982 10
626 1977 10
1671 1974 10
2248 1973 10
2441 1968 10



1 2634 10
2 2240 10
3 2193 10
5 2107 10
14 2067 10
17 2051 10
40 2049 10
46 2036 10
50 2034 11
59 2022 10
101 2020 10
117 2014 10
325 2010 10
334 1982 10
626 1977 10
1671 1974 10
2248 1973 10
2441 1968 10



